actions = np.array([0.0, 0.0, 0.1])

[ 0.53340012 -0.09996809  0.43624485  3.08422824  0.05387145 -0.74323455]
[ 0.52844226 -0.10040405  0.44298637  3.06148646  0.08947142 -0.74821259]
[ 0.52647817 -0.10198029  0.45354721  3.06614002  0.08341827 -0.75137958]
[ 0.52395374 -0.10257391  0.46631175  3.0713323   0.07692327 -0.75294369]
[ 0.52136546 -0.10230337  0.48054776  3.07547376  0.07192714 -0.75312314]
[ 0.51853377 -0.10204977  0.4959271   3.07790335  0.06945761 -0.75362121]
[ 0.51616234 -0.10185107  0.51153409  3.07950167  0.067916   -0.75418237]
[ 0.51473373 -0.10186967  0.52772629  3.08017734  0.06728419 -0.75499628]
[ 0.51408809 -0.10195795  0.54395777  3.08215548  0.06426364 -0.75562756]
[ 0.51256853 -0.10171901  0.55928069  3.08121072  0.06574411 -0.75624887]


actions = np.array([0.0, 0.1, 0.0])

[ 0.53704214 -0.09569744  0.42272294  3.10215524  0.02339774 -0.76971933]
[ 0.53941911 -0.08080371  0.42264408  3.10119994  0.02185118 -0.78894171]
[ 0.54226828 -0.05897011  0.42248967  3.10143636  0.02040998 -0.77548701]
[ 0.54416966 -0.03300848  0.42205772  3.10054029  0.02015051 -0.75993127]
[ 0.54466319 -0.00426474  0.42111459  3.09878828  0.02037831 -0.74840925]
[ 0.54394132  0.02550705  0.42059454  3.09776533  0.01963465 -0.74104768]
[ 0.54168475  0.05608309  0.42060745  3.09766757  0.01763751 -0.73515271]
[ 0.53818005  0.0866832   0.42064443  3.09754753  0.01566639 -0.73229829]
[ 0.53348136  0.11673381  0.42075524  3.09619615  0.01491604 -0.73109892]
[ 0.5286622   0.14671896  0.42173064  3.09662287  0.01365294 -0.7303517 ]


actions = np.array([0.1, 0.0, 0.0])

[ 0.54791772 -0.1017404   0.4207288   3.10252388  0.02491877 -0.75714489]
[ 0.56572539 -0.10277055  0.42426199  3.10339201  0.01938881 -0.75437853]
[ 0.58411026 -0.10331731  0.42638713  3.10707462  0.01034635 -0.7506802 ]
[ 0.60027647 -0.103769    0.42582181  3.10049285  0.01591658 -0.74806523]
[ 0.61475569 -0.1044512   0.42415088  3.09322103  0.02425458 -0.74720852]
[ 0.6290347  -0.10527045  0.42234361  3.08854305  0.02834263 -0.74666515]
[ 0.64316016 -0.10549566  0.42067283  3.08654633  0.02853912 -0.74523556]
[ 0.65854019 -0.10567628  0.41900283  3.09190543  0.01862345 -0.74312709]
[ 0.67299801 -0.10605247  0.41637954  3.09396068  0.01185906 -0.74144543]
[ 0.6846838  -0.10656491  0.41263142  3.08744965  0.01801822 -0.74116063]
