actions = np.array([0.0, 0.0, 0.1])

(array([ 0.53906473, -0.05071531,  0.44053066]), array([-3.13595091,  0.06216746,  0.1732981 ]))
(array([ 0.5350911 , -0.05033825,  0.44632119]), array([-3.12654445,  0.09731692,  0.17358415]))
(array([ 0.53454313, -0.05050099,  0.45544121]), array([-3.1254175 ,  0.10157375,  0.17330805]))
(array([ 0.53562365, -0.0506028 ,  0.46680065]), array([-3.12694451,  0.0959563 ,  0.17299026]))
(array([ 0.5354401 , -0.05049409,  0.47870891]), array([-3.1286264 ,  0.08934741,  0.17283266]))
(array([ 0.53596613, -0.05072228,  0.49182464]), array([-3.12924751,  0.08728837,  0.17241169]))
(array([ 0.53715461, -0.05103132,  0.50566709]), array([-3.13037675,  0.08354221,  0.17185263]))
(array([ 0.53755835, -0.05107326,  0.51948171]), array([-3.13098471,  0.0815613 ,  0.17153196]))
(array([ 0.53700659, -0.05111943,  0.53310981]), array([-3.13115338,  0.08111594,  0.17118031]))
(array([ 0.53622608, -0.05117021,  0.54692546]), array([-3.13113493,  0.08142481,  0.17077387]))

actions = np.array([0.0, 0.1, 0.])

(array([ 0.54358639, -0.04784007,  0.43646736]), array([3.13142127e+00, 2.24907653e-03, 1.48344456e-01]))
(array([ 0.54329361, -0.04009412,  0.43452188]), array([3.13211193, 0.00614722, 0.12617963]))
(array([ 0.54364011, -0.03091215,  0.4340557 ]), array([3.1320506 , 0.00696107, 0.11790289]))
(array([ 0.54396929, -0.02144434,  0.43326776]), array([3.13161137, 0.00524302, 0.11550727]))
(array([ 0.54367756, -0.01209714,  0.43201734]), array([3.1317444 , 0.00729438, 0.11467623]))
(array([ 0.54313959, -0.00304468,  0.43063615]), array([3.13188485, 0.00988059, 0.11388648]))
(array([0.54286818, 0.00572339, 0.43008405]), array([3.13175724, 0.01073184, 0.11266613]))
(array([0.54331375, 0.01419575, 0.43053204]), array([3.13105241, 0.00529345, 0.11116601]))
(array([0.54345334, 0.02234382, 0.43108999]), array([3.13067052e+00, 2.57916889e-03, 1.09568795e-01]))
(array([0.54329956, 0.0301783 , 0.43112484]), array([ 3.13044497e+00, -3.12097862e-04,  1.08364486e-01]))

actions = np.array([0.1, 0.0, 0.0])

(array([ 0.55441422, -0.0517427 ,  0.44255731]), array([ 3.12868358, -0.00551858,  0.17367479]))
(array([ 0.57083462, -0.05295698,  0.44984228]), array([ 3.12324602, -0.02194401,  0.17383465]))
(array([ 0.58519569, -0.05407485,  0.45764399]), array([ 3.12096519, -0.02682103,  0.17366474]))
(array([ 0.59813604, -0.05502289,  0.46590456]), array([ 3.11975208, -0.02810128,  0.17342765]))
(array([ 0.61103002, -0.05577517,  0.47447964]), array([ 3.1175935 , -0.03308885,  0.17343285]))
(array([ 0.62312643, -0.0566311 ,  0.48281664]), array([ 3.11607852, -0.03584172,  0.17323239]))
(array([ 0.63337969, -0.05704411,  0.4908318 ]), array([ 3.11664919, -0.03096698,  0.17305383]))
(array([ 0.6427044 , -0.05732569,  0.49912567]), array([ 3.11712747, -0.02681975,  0.17297267]))
(array([ 0.65292103, -0.05786001,  0.50784227]), array([ 3.11470286, -0.03358623,  0.17296714]))
(array([ 0.66156115, -0.05813261,  0.51593866]), array([ 3.11431711, -0.03272342,  0.17286355]))