real

[ 0.54124647 -0.1102038   0.41809398]
[ 0.54163474 -0.10560086  0.41768509]
[ 0.54336679 -0.09102314  0.41667631]
[ 0.54564774 -0.06998485  0.41520828]
[ 0.5476411  -0.04435798  0.41383925]
[ 0.54898715 -0.01585309  0.41338298]
[0.54904801 0.01400059 0.4133904 ]
[0.54759115 0.04517531 0.41338751]
[0.54471284 0.07646313 0.41334078]
[0.54051441 0.10795759 0.41333517]
[0.53591835 0.13926648 0.41384017]
[0.5306673  0.17002274 0.41441756]
[0.52518088 0.20009974 0.41517627]
[0.51925087 0.22988831 0.41621792]
[0.51281375 0.25892305 0.41714838]
[0.50637811 0.28704569 0.41809607]
[0.49935558 0.31443763 0.41896221]
[0.49210516 0.34033641 0.41961944]
[0.48430708 0.36183518 0.41952807]
[0.47695115 0.37604469 0.41872817]

sim

[ 0.54460115 -0.05087381  0.43922444]
[ 0.54428306 -0.04780969  0.43793646]
[ 0.54449885 -0.04000368  0.43707779]
[ 0.54481971 -0.03077199  0.43650138]
[ 0.54517818 -0.02125521  0.43631041]
[ 0.54544247 -0.01186432  0.43627636]
[ 0.54555522 -0.00274587  0.43625794]
[0.54553011 0.00605616 0.43625436]
[0.54538215 0.01453775 0.4362652 ]
[0.54512534 0.02270894 0.43629003]
[0.54477227 0.03058401 0.4363284 ]
[0.54433413 0.03817804 0.43637991]
[0.54384952 0.04550852 0.43650568]
[0.54340784 0.052599   0.43688207]
[0.54308521 0.05947336 0.4376653 ]
[0.54291782 0.06615154 0.43893031]
[0.54292929 0.07265056 0.44073113]
[0.54310199 0.0789807  0.44309978]
[0.54319161 0.0851151  0.44599414]
[0.54325377 0.09106487 0.44934591]